0.27900977 -0.93579423 -0.21550570 -0.61053585 0.00035540 -0.79198854 -0.74121490 -0.35254649 0.57123677 
0.10226655 -0.99164352 -0.07864280 -0.60797805 0.00026514 -0.79395379 -0.78733998 -0.12900801 0.60287037 
0.10226655 0.99164352 -0.07864280 -0.60797805 -0.00026514 -0.79395379 -0.78733998 0.12900801 0.60287037 
0.27900977 0.93579423 -0.21550570 -0.61053585 -0.00035540 -0.79198854 -0.74121490 0.35254649 0.57123677 
0.27900977 0.21550570 0.93579423 -0.61053585 0.79198854 -0.00035540 -0.74121490 -0.57123677 0.35254649 
0.35827106 0.06892972 0.93106957 -0.35730333 0.93147093 0.06852916 -0.86254054 -0.35722627 0.35834790 
0.11861289 -0.99173071 -0.04900195 -0.38181232 0.00000171 -0.92423988 -0.91659715 -0.12833631 0.37865480 
0.11861289 0.99173071 -0.04900195 -0.38181232 -0.00000171 -0.92423988 -0.91659715 0.12833631 0.37865480 
0.35827106 -0.06892972 0.93106957 -0.35730333 -0.93147093 0.06852916 -0.86254054 0.35722627 0.35834790 
0.27900977 -0.21550570 0.93579423 -0.61053585 -0.79198854 -0.00035540 -0.74121490 0.57123677 0.35254649 
0.10226655 0.07864280 0.99164352 -0.60797805 0.79395379 -0.00026514 -0.78733998 -0.60287037 0.12900801 
0.11861289 0.04900195 0.99173071 -0.38181232 0.92423988 -0.00000171 -0.91659715 -0.37865480 0.12833631 
0.12966538 0.00796548 0.99152581 -0.12768546 0.99177629 0.00873039 -0.98330225 -0.12773546 0.12961613 
0.12966538 -0.00796548 0.99152581 -0.12768546 -0.99177629 0.00873039 -0.98330225 0.12773546 0.12961613 
0.11861289 -0.04900195 0.99173071 -0.38181232 -0.92423988 -0.00000171 -0.91659715 0.37865480 0.12833631 
0.10226655 -0.07864280 0.99164352 -0.60797805 -0.79395379 -0.00026514 -0.78733998 0.60287037 0.12900801 
0.10226655 0.07864280 -0.99164352 -0.60797805 0.79395379 0.00026514 -0.78733998 -0.60287037 -0.12900801 
0.11861289 0.04900195 -0.99173071 -0.38181232 0.92423988 0.00000171 -0.91659715 -0.37865480 -0.12833631 
0.12966538 0.00796548 -0.99152581 -0.12768546 0.99177629 -0.00873039 -0.98330225 -0.12773546 -0.12961613 
0.12966538 -0.00796548 -0.99152581 -0.12768546 -0.99177629 -0.00873039 -0.98330225 0.12773546 -0.12961613 
0.11861289 -0.04900195 -0.99173071 -0.38181232 -0.92423988 0.00000171 -0.91659715 0.37865480 -0.12833631 
0.10226655 -0.07864280 -0.99164352 -0.60797805 -0.79395379 0.00026514 -0.78733998 0.60287037 -0.12900801 
0.27900977 0.21550570 -0.93579423 -0.61053585 0.79198854 0.00035540 -0.74121490 -0.57123677 -0.35254649 
0.35827106 0.06892972 -0.93106957 -0.35730333 0.93147093 -0.06852916 -0.86254054 -0.35722627 -0.35834790 
0.11861289 -0.99173071 0.04900195 -0.38181232 0.00000171 0.92423988 -0.91659715 -0.12833631 -0.37865480 
0.11861289 0.99173071 0.04900195 -0.38181232 -0.00000171 0.92423988 -0.91659715 0.12833631 -0.37865480 
0.35827106 -0.06892972 -0.93106957 -0.35730333 -0.93147093 -0.06852916 -0.86254054 0.35722627 -0.35834790 
0.27900977 -0.21550570 -0.93579423 -0.61053585 -0.79198854 0.00035540 -0.74121490 0.57123677 -0.35254649 
0.27900977 -0.93579423 0.21550570 -0.61053585 0.00035540 0.79198854 -0.74121490 -0.35254649 -0.57123677 
0.10226655 -0.99164352 0.07864280 -0.60797805 0.00026514 0.79395379 -0.78733998 -0.12900801 -0.60287037 
0.10226655 0.99164352 0.07864280 -0.60797805 -0.00026514 0.79395379 -0.78733998 0.12900801 -0.60287037 
0.27900977 0.93579423 0.21550570 -0.61053585 -0.00035540 0.79198854 -0.74121490 0.35254649 -0.57123677 
-0.27900977 0.93579423 -0.21550570 0.61053585 -0.00035540 -0.79198854 0.74121490 0.35254649 0.57123677 
-0.10226655 0.99164352 -0.07864280 0.60797805 -0.00026514 -0.79395379 0.78733998 0.12900801 0.60287037 
-0.10226655 -0.99164352 -0.07864280 0.60797805 0.00026514 -0.79395379 0.78733998 -0.12900801 0.60287037 
-0.27900977 -0.93579423 -0.21550570 0.61053585 0.00035540 -0.79198854 0.74121490 -0.35254649 0.57123677 
-0.27900977 -0.21550570 0.93579423 0.61053585 -0.79198854 -0.00035540 0.74121490 0.57123677 0.35254649 
-0.35827106 -0.06892972 0.93106957 0.35730333 -0.93147093 0.06852916 0.86254054 0.35722627 0.35834790 
-0.11861289 0.99173071 -0.04900195 0.38181232 -0.00000171 -0.92423988 0.91659715 0.12833631 0.37865480 
-0.11861289 -0.99173071 -0.04900195 0.38181232 0.00000171 -0.92423988 0.91659715 -0.12833631 0.37865480 
-0.35827106 0.06892972 0.93106957 0.35730333 0.93147093 0.06852916 0.86254054 -0.35722627 0.35834790 
-0.27900977 0.21550570 0.93579423 0.61053585 0.79198854 -0.00035540 0.74121490 -0.57123677 0.35254649 
-0.10226655 -0.07864280 0.99164352 0.60797805 -0.79395379 -0.00026514 0.78733998 0.60287037 0.12900801 
-0.11861289 -0.04900195 0.99173071 0.38181232 -0.92423988 -0.00000171 0.91659715 0.37865480 0.12833631 
-0.12966538 -0.00796548 0.99152581 0.12768546 -0.99177629 0.00873039 0.98330225 0.12773546 0.12961613 
-0.12966538 0.00796548 0.99152581 0.12768546 0.99177629 0.00873039 0.98330225 -0.12773546 0.12961613 
-0.11861289 0.04900195 0.99173071 0.38181232 0.92423988 -0.00000171 0.91659715 -0.37865480 0.12833631 
-0.10226655 0.07864280 0.99164352 0.60797805 0.79395379 -0.00026514 0.78733998 -0.60287037 0.12900801 
-0.10226655 -0.07864280 -0.99164352 0.60797805 -0.79395379 0.00026514 0.78733998 0.60287037 -0.12900801 
-0.11861289 -0.04900195 -0.99173071 0.38181232 -0.92423988 0.00000171 0.91659715 0.37865480 -0.12833631 
-0.12966538 -0.00796548 -0.99152581 0.12768546 -0.99177629 -0.00873039 0.98330225 0.12773546 -0.12961613 
-0.12966538 0.00796548 -0.99152581 0.12768546 0.99177629 -0.00873039 0.98330225 -0.12773546 -0.12961613 
-0.11861289 0.04900195 -0.99173071 0.38181232 0.92423988 0.00000171 0.91659715 -0.37865480 -0.12833631 
-0.10226655 0.07864280 -0.99164352 0.60797805 0.79395379 0.00026514 0.78733998 -0.60287037 -0.12900801 
-0.27900977 -0.21550570 -0.93579423 0.61053585 -0.79198854 0.00035540 0.74121490 0.57123677 -0.35254649 
-0.35827106 -0.06892972 -0.93106957 0.35730333 -0.93147093 -0.06852916 0.86254054 0.35722627 -0.35834790 
-0.11861289 0.99173071 0.04900195 0.38181232 -0.00000171 0.92423988 0.91659715 0.12833631 -0.37865480 
-0.11861289 -0.99173071 0.04900195 0.38181232 0.00000171 0.92423988 0.91659715 -0.12833631 -0.37865480 
-0.35827106 0.06892972 -0.93106957 0.35730333 0.93147093 -0.06852916 0.86254054 -0.35722627 -0.35834790 
-0.27900977 0.21550570 -0.93579423 0.61053585 0.79198854 0.00035540 0.74121490 -0.57123677 -0.35254649 
-0.27900977 0.93579423 0.21550570 0.61053585 -0.00035540 0.79198854 0.74121490 0.35254649 -0.57123677 
-0.10226655 0.99164352 0.07864280 0.60797805 -0.00026514 0.79395379 0.78733998 0.12900801 -0.60287037 
-0.10226655 -0.99164352 0.07864280 0.60797805 0.00026514 0.79395379 0.78733998 -0.12900801 -0.60287037 
-0.27900977 -0.93579423 0.21550570 0.61053585 0.00035540 0.79198854 0.74121490 -0.35254649 -0.57123677 
0.93579423 0.27900977 -0.21550570 -0.00035540 -0.61053585 -0.79198854 0.35254649 -0.74121490 0.57123677 
0.99164352 0.10226655 -0.07864280 -0.00026514 -0.60797805 -0.79395379 0.12900801 -0.78733998 0.60287037 
-0.99164352 0.10226655 -0.07864280 0.00026514 -0.60797805 -0.79395379 -0.12900801 -0.78733998 0.60287037 
-0.93579423 0.27900977 -0.21550570 0.00035540 -0.61053585 -0.79198854 -0.35254649 -0.74121490 0.57123677 
-0.21550570 0.27900977 0.93579423 -0.79198854 -0.61053585 -0.00035540 0.57123677 -0.74121490 0.35254649 
-0.06892972 0.35827106 0.93106957 -0.93147093 -0.35730333 0.06852916 0.35722627 -0.86254054 0.35834790 
0.99173071 0.11861289 -0.04900195 -0.00000171 -0.38181232 -0.92423988 0.12833631 -0.91659715 0.37865480 
-0.99173071 0.11861289 -0.04900195 0.00000171 -0.38181232 -0.92423988 -0.12833631 -0.91659715 0.37865480 
0.06892972 0.35827106 0.93106957 0.93147093 -0.35730333 0.06852916 -0.35722627 -0.86254054 0.35834790 
0.21550570 0.27900977 0.93579423 0.79198854 -0.61053585 -0.00035540 -0.57123677 -0.74121490 0.35254649 
-0.07864280 0.10226655 0.99164352 -0.79395379 -0.60797805 -0.00026514 0.60287037 -0.78733998 0.12900801 
-0.04900195 0.11861289 0.99173071 -0.92423988 -0.38181232 -0.00000171 0.37865480 -0.91659715 0.12833631 
-0.00796548 0.12966538 0.99152581 -0.99177629 -0.12768546 0.00873039 0.12773546 -0.98330225 0.12961613 
0.00796548 0.12966538 0.99152581 0.99177629 -0.12768546 0.00873039 -0.12773546 -0.98330225 0.12961613 
0.04900195 0.11861289 0.99173071 0.92423988 -0.38181232 -0.00000171 -0.37865480 -0.91659715 0.12833631 
0.07864280 0.10226655 0.99164352 0.79395379 -0.60797805 -0.00026514 -0.60287037 -0.78733998 0.12900801 
-0.07864280 0.10226655 -0.99164352 -0.79395379 -0.60797805 0.00026514 0.60287037 -0.78733998 -0.12900801 
-0.04900195 0.11861289 -0.99173071 -0.92423988 -0.38181232 0.00000171 0.37865480 -0.91659715 -0.12833631 
-0.00796548 0.12966538 -0.99152581 -0.99177629 -0.12768546 -0.00873039 0.12773546 -0.98330225 -0.12961613 
0.00796548 0.12966538 -0.99152581 0.99177629 -0.12768546 -0.00873039 -0.12773546 -0.98330225 -0.12961613 
0.04900195 0.11861289 -0.99173071 0.92423988 -0.38181232 0.00000171 -0.37865480 -0.91659715 -0.12833631 
0.07864280 0.10226655 -0.99164352 0.79395379 -0.60797805 0.00026514 -0.60287037 -0.78733998 -0.12900801 
-0.21550570 0.27900977 -0.93579423 -0.79198854 -0.61053585 0.00035540 0.57123677 -0.74121490 -0.35254649 
-0.06892972 0.35827106 -0.93106957 -0.93147093 -0.35730333 -0.06852916 0.35722627 -0.86254054 -0.35834790 
0.99173071 0.11861289 0.04900195 -0.00000171 -0.38181232 0.92423988 0.12833631 -0.91659715 -0.37865480 
-0.99173071 0.11861289 0.04900195 0.00000171 -0.38181232 0.92423988 -0.12833631 -0.91659715 -0.37865480 
0.06892972 0.35827106 -0.93106957 0.93147093 -0.35730333 -0.06852916 -0.35722627 -0.86254054 -0.35834790 
0.21550570 0.27900977 -0.93579423 0.79198854 -0.61053585 0.00035540 -0.57123677 -0.74121490 -0.35254649 
0.93579423 0.27900977 0.21550570 -0.00035540 -0.61053585 0.79198854 0.35254649 -0.74121490 -0.57123677 
0.99164352 0.10226655 0.07864280 -0.00026514 -0.60797805 0.79395379 0.12900801 -0.78733998 -0.60287037 
-0.99164352 0.10226655 0.07864280 0.00026514 -0.60797805 0.79395379 -0.12900801 -0.78733998 -0.60287037 
-0.93579423 0.27900977 0.21550570 0.00035540 -0.61053585 0.79198854 -0.35254649 -0.74121490 -0.57123677 
-0.93579423 -0.27900977 -0.21550570 0.00035540 0.61053585 -0.79198854 -0.35254649 0.74121490 0.57123677 
-0.99164352 -0.10226655 -0.07864280 0.00026514 0.60797805 -0.79395379 -0.12900801 0.78733998 0.60287037 
0.99164352 -0.10226655 -0.07864280 -0.00026514 0.60797805 -0.79395379 0.12900801 0.78733998 0.60287037 
0.93579423 -0.27900977 -0.21550570 -0.00035540 0.61053585 -0.79198854 0.35254649 0.74121490 0.57123677 
0.21550570 -0.27900977 0.93579423 0.79198854 0.61053585 -0.00035540 -0.57123677 0.74121490 0.35254649 
0.06892972 -0.35827106 0.93106957 0.93147093 0.35730333 0.06852916 -0.35722627 0.86254054 0.35834790 
-0.99173071 -0.11861289 -0.04900195 0.00000171 0.38181232 -0.92423988 -0.12833631 0.91659715 0.37865480 
0.99173071 -0.11861289 -0.04900195 -0.00000171 0.38181232 -0.92423988 0.12833631 0.91659715 0.37865480 
-0.06892972 -0.35827106 0.93106957 -0.93147093 0.35730333 0.06852916 0.35722627 0.86254054 0.35834790 
-0.21550570 -0.27900977 0.93579423 -0.79198854 0.61053585 -0.00035540 0.57123677 0.74121490 0.35254649 
0.07864280 -0.10226655 0.99164352 0.79395379 0.60797805 -0.00026514 -0.60287037 0.78733998 0.12900801 
0.04900195 -0.11861289 0.99173071 0.92423988 0.38181232 -0.00000171 -0.37865480 0.91659715 0.12833631 
0.00796548 -0.12966538 0.99152581 0.99177629 0.12768546 0.00873039 -0.12773546 0.98330225 0.12961613 
-0.00796548 -0.12966538 0.99152581 -0.99177629 0.12768546 0.00873039 0.12773546 0.98330225 0.12961613 
-0.04900195 -0.11861289 0.99173071 -0.92423988 0.38181232 -0.00000171 0.37865480 0.91659715 0.12833631 
-0.07864280 -0.10226655 0.99164352 -0.79395379 0.60797805 -0.00026514 0.60287037 0.78733998 0.12900801 
0.07864280 -0.10226655 -0.99164352 0.79395379 0.60797805 0.00026514 -0.60287037 0.78733998 -0.12900801 
0.04900195 -0.11861289 -0.99173071 0.92423988 0.38181232 0.00000171 -0.37865480 0.91659715 -0.12833631 
0.00796548 -0.12966538 -0.99152581 0.99177629 0.12768546 -0.00873039 -0.12773546 0.98330225 -0.12961613 
-0.00796548 -0.12966538 -0.99152581 -0.99177629 0.12768546 -0.00873039 0.12773546 0.98330225 -0.12961613 
-0.04900195 -0.11861289 -0.99173071 -0.92423988 0.38181232 0.00000171 0.37865480 0.91659715 -0.12833631 
-0.07864280 -0.10226655 -0.99164352 -0.79395379 0.60797805 0.00026514 0.60287037 0.78733998 -0.12900801 
0.21550570 -0.27900977 -0.93579423 0.79198854 0.61053585 0.00035540 -0.57123677 0.74121490 -0.35254649 
0.06892972 -0.35827106 -0.93106957 0.93147093 0.35730333 -0.06852916 -0.35722627 0.86254054 -0.35834790 
-0.99173071 -0.11861289 0.04900195 0.00000171 0.38181232 0.92423988 -0.12833631 0.91659715 -0.37865480 
0.99173071 -0.11861289 0.04900195 -0.00000171 0.38181232 0.92423988 0.12833631 0.91659715 -0.37865480 
-0.06892972 -0.35827106 -0.93106957 -0.93147093 0.35730333 -0.06852916 0.35722627 0.86254054 -0.35834790 
-0.21550570 -0.27900977 -0.93579423 -0.79198854 0.61053585 0.00035540 0.57123677 0.74121490 -0.35254649 
-0.93579423 -0.27900977 0.21550570 0.00035540 0.61053585 0.79198854 -0.35254649 0.74121490 -0.57123677 
-0.99164352 -0.10226655 0.07864280 0.00026514 0.60797805 0.79395379 -0.12900801 0.78733998 -0.60287037 
0.99164352 -0.10226655 0.07864280 -0.00026514 0.60797805 0.79395379 0.12900801 0.78733998 -0.60287037 
0.93579423 -0.27900977 0.21550570 -0.00035540 0.61053585 0.79198854 0.35254649 0.74121490 -0.57123677 
-0.21550570 0.93579423 0.27900977 -0.79198854 -0.00035540 -0.61053585 0.57123677 0.35254649 -0.74121490 
-0.07864280 0.99164352 0.10226655 -0.79395379 -0.00026514 -0.60797805 0.60287037 0.12900801 -0.78733998 
-0.07864280 -0.99164352 0.10226655 -0.79395379 0.00026514 -0.60797805 0.60287037 -0.12900801 -0.78733998 
-0.21550570 -0.93579423 0.27900977 -0.79198854 0.00035540 -0.61053585 0.57123677 -0.35254649 -0.74121490 
0.93579423 -0.21550570 0.27900977 -0.00035540 -0.79198854 -0.61053585 0.35254649 0.57123677 -0.74121490 
0.93106957 -0.06892972 0.35827106 0.06852916 -0.93147093 -0.35730333 0.35834790 0.35722627 -0.86254054 
-0.04900195 0.99173071 0.11861289 -0.92423988 -0.00000171 -0.38181232 0.37865480 0.12833631 -0.91659715 
-0.04900195 -0.99173071 0.11861289 -0.92423988 0.00000171 -0.38181232 0.37865480 -0.12833631 -0.91659715 
0.93106957 0.06892972 0.35827106 0.06852916 0.93147093 -0.35730333 0.35834790 -0.35722627 -0.86254054 
0.93579423 0.21550570 0.27900977 -0.00035540 0.79198854 -0.61053585 0.35254649 -0.57123677 -0.74121490 
0.99164352 -0.07864280 0.10226655 -0.00026514 -0.79395379 -0.60797805 0.12900801 0.60287037 -0.78733998 
0.99173071 -0.04900195 0.11861289 -0.00000171 -0.92423988 -0.38181232 0.12833631 0.37865480 -0.91659715 
0.99152581 -0.00796548 0.12966538 0.00873039 -0.99177629 -0.12768546 0.12961613 0.12773546 -0.98330225 
0.99152581 0.00796548 0.12966538 0.00873039 0.99177629 -0.12768546 0.12961613 -0.12773546 -0.98330225 
0.99173071 0.04900195 0.11861289 -0.00000171 0.92423988 -0.38181232 0.12833631 -0.37865480 -0.91659715 
0.99164352 0.07864280 0.10226655 -0.00026514 0.79395379 -0.60797805 0.12900801 -0.60287037 -0.78733998 
-0.99164352 -0.07864280 0.10226655 0.00026514 -0.79395379 -0.60797805 -0.12900801 0.60287037 -0.78733998 
-0.99173071 -0.04900195 0.11861289 0.00000171 -0.92423988 -0.38181232 -0.12833631 0.37865480 -0.91659715 
-0.99152581 -0.00796548 0.12966538 -0.00873039 -0.99177629 -0.12768546 -0.12961613 0.12773546 -0.98330225 
-0.99152581 0.00796548 0.12966538 -0.00873039 0.99177629 -0.12768546 -0.12961613 -0.12773546 -0.98330225 
-0.99173071 0.04900195 0.11861289 0.00000171 0.92423988 -0.38181232 -0.12833631 -0.37865480 -0.91659715 
-0.99164352 0.07864280 0.10226655 0.00026514 0.79395379 -0.60797805 -0.12900801 -0.60287037 -0.78733998 
-0.93579423 -0.21550570 0.27900977 0.00035540 -0.79198854 -0.61053585 -0.35254649 0.57123677 -0.74121490 
-0.93106957 -0.06892972 0.35827106 -0.06852916 -0.93147093 -0.35730333 -0.35834790 0.35722627 -0.86254054 
0.04900195 0.99173071 0.11861289 0.92423988 -0.00000171 -0.38181232 -0.37865480 0.12833631 -0.91659715 
0.04900195 -0.99173071 0.11861289 0.92423988 0.00000171 -0.38181232 -0.37865480 -0.12833631 -0.91659715 
-0.93106957 0.06892972 0.35827106 -0.06852916 0.93147093 -0.35730333 -0.35834790 -0.35722627 -0.86254054 
-0.93579423 0.21550570 0.27900977 0.00035540 0.79198854 -0.61053585 -0.35254649 -0.57123677 -0.74121490 
0.21550570 0.93579423 0.27900977 0.79198854 -0.00035540 -0.61053585 -0.57123677 0.35254649 -0.74121490 
0.07864280 0.99164352 0.10226655 0.79395379 -0.00026514 -0.60797805 -0.60287037 0.12900801 -0.78733998 
0.07864280 -0.99164352 0.10226655 0.79395379 0.00026514 -0.60797805 -0.60287037 -0.12900801 -0.78733998 
0.21550570 -0.93579423 0.27900977 0.79198854 0.00035540 -0.61053585 -0.57123677 -0.35254649 -0.74121490 
-0.21550570 -0.93579423 -0.27900977 -0.79198854 0.00035540 0.61053585 0.57123677 -0.35254649 0.74121490 
-0.07864280 -0.99164352 -0.10226655 -0.79395379 0.00026514 0.60797805 0.60287037 -0.12900801 0.78733998 
-0.07864280 0.99164352 -0.10226655 -0.79395379 -0.00026514 0.60797805 0.60287037 0.12900801 0.78733998 
-0.21550570 0.93579423 -0.27900977 -0.79198854 -0.00035540 0.61053585 0.57123677 0.35254649 0.74121490 
0.93579423 0.21550570 -0.27900977 -0.00035540 0.79198854 0.61053585 0.35254649 -0.57123677 0.74121490 
0.93106957 0.06892972 -0.35827106 0.06852916 0.93147093 0.35730333 0.35834790 -0.35722627 0.86254054 
-0.04900195 -0.99173071 -0.11861289 -0.92423988 0.00000171 0.38181232 0.37865480 -0.12833631 0.91659715 
-0.04900195 0.99173071 -0.11861289 -0.92423988 -0.00000171 0.38181232 0.37865480 0.12833631 0.91659715 
0.93106957 -0.06892972 -0.35827106 0.06852916 -0.93147093 0.35730333 0.35834790 0.35722627 0.86254054 
0.93579423 -0.21550570 -0.27900977 -0.00035540 -0.79198854 0.61053585 0.35254649 0.57123677 0.74121490 
0.99164352 0.07864280 -0.10226655 -0.00026514 0.79395379 0.60797805 0.12900801 -0.60287037 0.78733998 
0.99173071 0.04900195 -0.11861289 -0.00000171 0.92423988 0.38181232 0.12833631 -0.37865480 0.91659715 
0.99152581 0.00796548 -0.12966538 0.00873039 0.99177629 0.12768546 0.12961613 -0.12773546 0.98330225 
0.99152581 -0.00796548 -0.12966538 0.00873039 -0.99177629 0.12768546 0.12961613 0.12773546 0.98330225 
0.99173071 -0.04900195 -0.11861289 -0.00000171 -0.92423988 0.38181232 0.12833631 0.37865480 0.91659715 
0.99164352 -0.07864280 -0.10226655 -0.00026514 -0.79395379 0.60797805 0.12900801 0.60287037 0.78733998 
-0.99164352 0.07864280 -0.10226655 0.00026514 0.79395379 0.60797805 -0.12900801 -0.60287037 0.78733998 
-0.99173071 0.04900195 -0.11861289 0.00000171 0.92423988 0.38181232 -0.12833631 -0.37865480 0.91659715 
-0.99152581 0.00796548 -0.12966538 -0.00873039 0.99177629 0.12768546 -0.12961613 -0.12773546 0.98330225 
-0.99152581 -0.00796548 -0.12966538 -0.00873039 -0.99177629 0.12768546 -0.12961613 0.12773546 0.98330225 
-0.99173071 -0.04900195 -0.11861289 0.00000171 -0.92423988 0.38181232 -0.12833631 0.37865480 0.91659715 
-0.99164352 -0.07864280 -0.10226655 0.00026514 -0.79395379 0.60797805 -0.12900801 0.60287037 0.78733998 
-0.93579423 0.21550570 -0.27900977 0.00035540 0.79198854 0.61053585 -0.35254649 -0.57123677 0.74121490 
-0.93106957 0.06892972 -0.35827106 -0.06852916 0.93147093 0.35730333 -0.35834790 -0.35722627 0.86254054 
0.04900195 -0.99173071 -0.11861289 0.92423988 0.00000171 0.38181232 -0.37865480 -0.12833631 0.91659715 
0.04900195 0.99173071 -0.11861289 0.92423988 -0.00000171 0.38181232 -0.37865480 0.12833631 0.91659715 
-0.93106957 -0.06892972 -0.35827106 -0.06852916 -0.93147093 0.35730333 -0.35834790 0.35722627 0.86254054 
-0.93579423 -0.21550570 -0.27900977 0.00035540 -0.79198854 0.61053585 -0.35254649 0.57123677 0.74121490 
0.21550570 -0.93579423 -0.27900977 0.79198854 0.00035540 0.61053585 -0.57123677 -0.35254649 0.74121490 
0.07864280 -0.99164352 -0.10226655 0.79395379 0.00026514 0.60797805 -0.60287037 -0.12900801 0.78733998 
0.07864280 0.99164352 -0.10226655 0.79395379 -0.00026514 0.60797805 -0.60287037 0.12900801 0.78733998 
0.21550570 0.93579423 -0.27900977 0.79198854 -0.00035540 0.61053585 -0.57123677 0.35254649 0.74121490 
